SPEAKER         id       #SENT      #WORD       Corr        Sub        Ins        Del        Err      S.Err
f1              raw         92       3104       1979        824         73        301       1198         92
f1              sys         92       3104      63.76      26.55       2.35       9.70      38.60     100.00
f5              raw         88       2994       1992        586         86        416       1088         88
f5              sys         88       2994      66.53      19.57       2.87      13.89      36.34     100.00
m1              raw         91       3080       2258        548         68        274        890         91
m1              sys         91       3080      73.31      17.79       2.21       8.90      28.90     100.00
m3              raw         92       3104       2080        652         50        372       1074         92
m3              sys         92       3104      67.01      21.01       1.61      11.98      34.60     100.00
SUM             raw        363      12282       8309       2610        277       1363       4250        363
SUM             sys        363      12282      67.65      21.25       2.26      11.10      34.60     100.00
